0.0145095
0.0139203
0.012564
0.0109992
0.00948424
0.00791452
0.00606119
0.00402474
0.00197561
-4.58905e-05
-0.00206872
-0.00418054
-0.00627354
-0.0081795
-0.0097834
-0.0109089
-0.0114456
-0.0113374
-0.0107336
-0.00998431
-0.00923495
-0.00836526
-0.00710933
-0.00539727
-0.00348198
-0.00156931
0.000325226
0.00228687
0.00426635
0.00599272
0.00727109
0.00810121
0.00859547
0.0088403
0.00881751
0.00855802
0.00809118
0.00734024
0.00617831
0.00454439
0.00263118
0.000710947
-0.00111276
-0.00289114
-0.00468801
-0.00635146
-0.00766367
-0.00860918
-0.00934385
-0.0100247
-0.0105683
-0.0107171
-0.0103181
-0.00935628
-0.00795347
-0.0062512
-0.00436743
-0.00246446
-0.00060717
0.00122673
0.00307727
0.0049418
0.00668134
0.00823238
0.00966517
0.0110249
0.012171
0.0127136
0.0124086
0.0114216
0.0101234
0.00879755
0.00742394
0.00588577
0.00419233
0.00240103
0.000584701
-0.00127018
-0.00318296
-0.00506598
-0.00681389
-0.00827915
-0.00934288
-0.00992892
-0.0099867
-0.00963428
-0.00906786
-0.00842661
-0.00768939
-0.00667616
-0.00532541
-0.00373258
-0.00203002
-0.000302813
0.00145812
0.00317849
0.00470582
0.00593116
0.00680688
0.00738619
0.00769821
0.00775072
0.00759616
0.00724123
0.00665077
0.00573293
0.0044398
0.0028824
0.00121814
-0.000426847
-0.00202117
-0.0035775
-0.0050094
-0.00622276
-0.00719002
-0.00796616
-0.00862253
-0.00908789
-0.00923995
-0.00898147
-0.00828139
-0.00720285
-0.00581775
-0.0042467
-0.00261398
-0.000977441
0.000634612
0.00223711
0.00382315
0.00535521
0.00682424
0.00819544
0.00940539
0.010315
0.010738
0.0106065
0.00998646
0.00904079
0.00791924
0.00668394
0.00537705
0.0039998
0.0025341
0.000974561
-0.000674853
-0.00236123
-0.00401053
-0.00553824
-0.00682649
-0.00777833
-0.00833071
-0.00848367
-0.00832146
-0.00794473
-0.00742832
-0.00677278
-0.00592793
-0.00487724
-0.00363071
-0.00221563
-0.000686592
0.000870968
0.00233866
0.00362663
0.00470157
0.00554347
0.00613521
0.00646635
0.00656308
0.00648321
0.00623375
0.00576595
0.00502368
0.00400634
0.00277942
0.00142391
1.28035e-05
-0.00139245
-0.00272477
-0.00392411
-0.00495804
-0.00583749
-0.00658845
-0.00719219
-0.00758919
-0.00771649
-0.0075378
-0.00704054
-0.0062214
-0.00512262
-0.00384745
-0.00249222
-0.00111205
0.000277272
0.00165267
0.0029782
0.00426141
0.00551928
0.00672936
0.00778376
0.00852683
0.00886498
0.00880188
0.00840532
0.00774114
0.00685197
0.00580175
0.00468255
0.00355041
0.00237807
0.00109882
-0.000292087
-0.00171981
-0.00309777
-0.00436647
-0.0054656
-0.00630734
-0.00682077
-0.00700737
-0.00694326
-0.0067023
-0.00630814
-0.00575572
-0.00505193
-0.00422011
-0.00325589
-0.0021345
-0.000874186
0.000429832
0.00165299
0.00272678
0.00364732
0.00440527
0.00495383
0.00525776
0.00535075
0.0053043
0.00513719
0.00479251
0.00421452
0.00341908
0.00246928
0.00141721
0.000286204
-0.000881013
-0.00200534
-0.00301133
-0.003869
-0.00460721
-0.00524935
-0.00576758
-0.00610258
-0.0062108
-0.00609131
-0.00573756
-0.00513623
-0.00430291
-0.00330078
-0.00221564
-0.00109549
3.95447e-05
0.00116305
0.00225388
0.00330132
0.00432129
0.00530065
0.00615184
0.00676638
0.00706199
0.00704998
0.00678879
0.00631169
0.00564313
0.00481396
0.00390709
0.00299642
0.00206837
0.0010678
-3.29204e-05
-0.00118125
-0.00228618
-0.00329899
-0.00417977
-0.00488163
-0.00535016
-0.00555166
-0.00553103
-0.00535047
-0.00505112
-0.00464068
-0.00410731
-0.00346629
-0.00272155
-0.00186476
-0.000904561
0.000114694
0.00109776
0.00197284
0.0027217
0.003335
